0	0	0	0	0	0	0	0	0	0	0	3355	4837	5090	4122	2348	1042	603	625	1053	2168	4683	9351	15622	22679	25843	23500	17679	10442	4950	2115	726	260	136	114	134	149	139	145	141	155	156	131	168	136	153	127	139	133	131	138	144	111	109	124	110	99	93	108	89	85	87	93	85	95	80	78	67	73	71	59	74	62	72	63	67	67	63	58	58	57	50	53	41	49	54	48	40	31	31	41	36	39	31	44	34	30	42	27	30	33	26	31	30	32	27	20	25	30	23	22	16	24	16	15	27	14	23	17	21	17	23	8	19	17	13	13	14	13	11	8	10	15	16	10	17	12	14	14	9	11	16	12	11	5	10	19	8	13	9
0	0	0	0	0	0	0	0	0	0	0	2110	3418	4587	4940	3958	2359	1096	608	558	747	1401	2776	5613	10412	16429	21625	23681	21504	16281	10278	5330	2411	912	354	166	126	109	109	117	129	138	136	146	127	156	116	110	106	138	128	106	137	123	128	133	116	116	93	96	97	77	85	105	74	78	67	77	81	58	75	63	67	71	59	49	68	62	65	65	66	60	47	57	50	56	63	45	51	45	31	38	37	34	59	48	37	38	31	33	36	37	28	31	33	34	29	23	39	20	20	23	36	18	25	17	19	23	17	21	22	16	26	28	25	16	20	14	9	13	16	20	17	13	21	13	21	16	11	15	10	15	14	14	12	13	14	12	20	7
0	0	0	0	0	0	0	0	0	0	0	1099	2014	3222	4328	4578	3905	2537	1296	707	524	541	899	1624	3032	5771	9923	15313	20242	22342	21160	16823	11276	6595	3324	1518	573	267	126	107	111	121	136	122	128	113	137	135	123	122	134	119	120	136	121	134	112	123	108	118	112	107	93	90	95	80	82	72	78	70	83	69	73	61	65	78	50	62	63	76	52	74	69	66	47	59	67	40	52	46	47	39	41	36	34	48	46	38	47	47	49	40	34	42	29	24	34	38	33	32	28	29	34	39	28	22	25	21	31	26	22	21	22	22	23	20	21	16	17	24	15	12	15	19	19	14	11	13	14	15	14	14	9	16	10	9	7	12	11	17
0	0	0	0	0	0	0	0	0	0	0	611	1140	1886	3078	3838	4226	3736	2629	1566	792	469	413	576	903	1650	3076	5425	8986	13680	17867	20800	20355	17388	13064	8442	4683	2391	1114	501	236	160	97	115	102	106	115	110	121	128	114	124	139	140	109	111	114	91	103	108	117	124	98	102	106	96	106	88	90	76	70	73	78	72	56	58	61	75	63	68	64	59	66	60	60	55	52	47	43	51	40	40	56	45	45	34	56	42	39	39	41	29	38	43	31	44	22	44	43	31	41	31	35	24	30	35	28	36	29	37	28	21	31	16	26	26	29	23	23	16	20	13	30	15	29	19	16	21	17	12	13	19	20	19	18	14	15	14	16	13
0	0	0	0	0	0	0	0	0	0	0	392	665	1119	1771	2794	3762	3945	3785	2835	1791	943	525	410	424	568	993	1645	3043	5195	8555	12601	16448	19010	19306	17578	13932	9679	6276	3500	1792	817	374	190	132	107	99	95	130	110	114	109	130	119	145	126	113	107	105	114	98	90	81	105	97	116	103	86	84	108	90	95	72	74	79	85	55	58	62	50	60	52	62	65	55	58	63	51	59	53	53	57	59	50	42	44	44	54	42	45	47	47	54	52	42	45	38	46	41	27	32	41	37	43	30	33	34	27	30	25	41	39	26	20	21	36	28	21	18	19	28	21	25	26	25	21	15	20	19	22	15	20	19	15	13	20	15	21	17	27
0	0	0	0	0	0	0	0	0	0	0	279	399	636	1017	1620	2453	3285	3771	3667	3042	2136	1248	723	427	339	405	567	924	1461	2490	4269	6853	10012	13720	16427	18193	17579	15295	12229	8498	5463	3240	1718	872	435	210	131	104	78	77	82	84	82	93	80	102	95	94	108	101	118	94	88	83	98	107	101	98	85	113	97	95	106	82	96	90	67	81	69	75	61	56	65	61	74	51	57	63	47	69	59	57	44	60	53	65	42	48	51	41	47	45	35	34	36	47	42	48	35	46	42	34	37	29	41	37	31	41	34	23	36	31	31	29	26	35	27	22	27	20	34	20	23	30	29	22	20	25	26	24	27	21	23	19	18	23	26	21	15
0	0	0	0	0	0	0	0	0	0	0	205	235	374	580	878	1416	2038	2779	3336	3580	3215	2490	1750	1025	593	388	334	407	512	748	1254	1975	3166	5204	7640	10902	13786	15989	17051	16355	14427	11271	8364	5433	3404	1943	1086	519	269	141	93	89	82	99	94	81	88	95	91	103	89	83	95	125	77	115	93	97	100	89	88	79	101	77	79	68	83	91	89	82	89	78	86	74	70	78	63	49	60	47	62	54	65	51	55	65	53	53	56	47	40	41	45	36	30	43	42	41	39	36	45	38	38	44	38	40	38	32	38	34	37	38	34	31	42	34	40	33	35	24	22	37	38	32	30	35	24	25	29	17	25	32	27	21	25	26	21	28	26
0	0	0	0	0	0	0	0	0	0	0	153	180	225	390	525	864	1254	1800	2431	3030	3238	3184	2722	2024	1338	838	444	350	310	402	477	732	1120	1694	2580	4125	6283	8787	11215	14094	15745	15864	14981	12902	10326	7807	5303	3436	2015	1100	650	307	185	119	88	89	83	66	84	75	81	101	88	91	87	82	102	106	101	93	85	80	84	90	84	88	92	66	81	72	79	72	70	71	81	72	70	82	86	78	58	63	58	50	61	54	60	46	41	46	46	46	53	43	50	49	52	38	51	40	42	47	39	44	49	47	37	43	42	34	40	32	55	28	45	44	44	37	41	26	39	46	17	33	38	29	30	25	30	28	28	23	27	26	30	28	24	26	31
0	0	0	0	0	0	0	0	0	0	0	128	154	188	215	331	495	665	1013	1568	2049	2650	2979	3165	2926	2340	1776	1157	759	426	332	276	312	367	577	812	1137	1860	2818	4352	6187	8461	10716	12806	14118	14746	14240	12696	10713	8563	5992	4110	2640	1603	906	502	286	175	112	72	72	71	71	67	81	70	97	65	83	60	76	66	95	98	77	86	91	72	72	92	81	79	69	84	67	57	83	76	76	83	62	65	65	70	60	78	73	52	55	68	47	51	52	49	56	66	45	41	39	43	46	43	52	50	45	37	54	38	38	47	50	33	34	33	36	39	37	37	35	35	46	33	47	36	33	37	19	35	39	31	29	22	35	23	38	27	29	29	34	25
0	0	0	0	0	0	0	0	0	0	0	121	118	130	174	201	300	374	574	841	1277	1661	2169	2542	2910	2881	2617	2190	1620	1114	706	433	268	265	266	332	453	612	854	1271	1906	2750	3897	5576	7617	9715	11440	13144	13707	13540	12796	11016	9153	6983	5147	3553	2382	1466	921	527	263	178	121	76	62	72	60	51	74	66	60	72	76	80	75	75	83	76	76	66	76	79	71	73	85	96	72	72	77	66	84	70	79	72	77	74	72	68	79	61	65	68	63	67	61	59	37	53	41	65	46	34	45	48	43	44	51	44	36	42	39	48	31	49	47	41	44	36	36	46	32	52	42	32	31	27	25	25	32	35	33	28	29	28	33	27	35	31	32	30
0	0	0	0	0	0	0	0	0	0	0	112	99	137	119	168	180	268	386	542	751	969	1430	1856	2244	2557	2581	2675	2319	1904	1441	1034	666	488	278	261	270	261	347	453	630	830	1302	1902	2779	4025	5505	7057	8882	10573	12085	12537	13002	12100	11191	9473	7716	5918	4215	3070	2031	1283	754	498	299	190	120	80	60	59	74	69	70	57	73	67	67	53	67	72	69	67	64	77	72	57	81	76	86	87	73	62	68	63	64	65	61	71	64	69	69	64	59	73	59	74	56	59	80	70	54	38	57	62	54	48	44	44	52	37	45	41	47	43	36	35	38	44	38	24	33	46	38	23	36	30	27	41	33	31	32	40	29	38	28	36	42	40	24	35
0	0	0	0	0	0	0	0	0	0	0	97	100	91	98	106	143	173	253	296	412	574	775	1130	1443	1896	2159	2455	2524	2337	2242	1811	1406	981	700	506	318	230	243	222	287	343	457	603	852	1194	1719	2373	3355	4539	5768	7347	9082	10415	11315	12004	11944	11398	10244	8956	7585	5767	4474	3193	2334	1501	939	632	387	235	164	123	85	67	75	62	66	59	58	56	70	71	57	74	62	62	73	73	55	83	68	70	66	72	75	66	58	65	71	60	65	54	65	62	55	58	58	62	59	56	59	50	69	47	63	61	59	49	50	57	60	45	46	42	51	44	35	36	54	40	37	35	35	42	40	44	47	27	49	37	28	38	33	45	31	30	36	28	34	32
0	0	0	0	0	0	0	0	0	0	0	78	86	113	88	83	108	150	144	208	244	343	401	616	822	1110	1470	1721	2125	2179	2395	2298	2020	1825	1449	1057	725	507	373	305	200	177	226	291	321	394	519	735	1026	1378	1846	2619	3564	4613	5977	7351	8647	9681	10774	11132	11110	10814	9814	8789	7446	6135	4774	3596	2724	1868	1252	828	584	319	244	172	97	77	61	67	57	59	53	53	66	58	50	61	49	56	78	55	60	57	65	73	65	65	61	60	59	56	50	57	55	61	54	68	59	61	60	52	48	57	52	53	61	58	65	64	59	69	60	59	44	56	42	54	49	40	45	42	32	41	42	35	50	46	35	34	37	32	48	41	28	37	32	43	35	23
0	0	0	0	0	0	0	0	0	0	0	101	104	93	79	67	87	107	128	128	188	229	277	395	463	727	867	1081	1363	1749	1990	2119	2181	2110	1975	1671	1426	1114	847	618	447	298	251	212	217	229	258	293	390	517	651	873	1202	1671	2205	2984	3827	4933	6017	7432	8200	9259	9946	10401	10639	10092	9500	8626	7204	6038	4863	3811	2871	2184	1495	1075	700	493	329	203	139	105	89	72	52	61	42	65	62	47	49	48	50	50	58	53	48	54	61	59	59	65	73	66	57	50	64	57	53	70	60	47	54	54	55	66	48	44	53	40	70	57	42	60	44	49	67	48	50	68	50	55	63	43	35	59	29	51	35	44	33	37	43	33	39	37	32	31	34	45
0	0	0	0	0	0	0	0	0	0	0	93	90	69	78	80	93	83	82	108	122	146	190	228	290	347	474	653	859	1074	1357	1502	1845	1980	2068	2078	1995	1709	1523	1228	944	711	533	368	301	220	186	202	198	203	268	330	362	491	642	878	1246	1507	2059	2750	3392	4342	5386	6373	7577	8393	8993	9630	9746	9648	9367	8515	7578	6694	5765	4641	3600	2774	2100	1601	1173	846	542	384	254	177	109	95	85	73	50	40	53	44	50	57	48	50	51	35	55	56	58	55	51	50	72	47	67	59	57	64	58	46	56	52	49	64	50	44	54	49	51	45	50	52	52	43	43	52	46	57	47	47	37	47	53	47	53	50	53	60	48	51	50	45	38	45	34	41
0	0	0	0	0	0	0	0	0	0	0	92	67	58	81	76	71	63	71	84	88	112	119	137	183	233	281	405	487	614	776	975	1168	1446	1603	1746	1875	1918	1862	1694	1583	1392	1036	878	669	441	413	259	218	179	154	183	185	218	262	333	353	480	680	891	1119	1503	1943	2442	3102	3784	4685	5687	6281	7386	8026	8737	8996	9164	8970	8750	7926	7307	6531	5544	4611	3835	3010	2368	1801	1377	1014	690	524	344	231	159	119	96	76	52	70	38	58	42	44	33	57	39	32	48	41	41	47	59	61	44	54	58	54	53	53	55	51	42	52	46	41	48	58	58	54	52	33	41	46	43	47	39	44	50	55	52	57	44	48	54	44	49	55	48	44	58	34	43
0	0	0	0	0	0	0	0	0	0	0	82	70	71	67	75	64	78	70	84	51	80	119	99	121	161	190	220	304	382	499	638	737	953	1133	1358	1461	1599	1732	1830	1834	1748	1483	1303	1136	964	755	603	458	320	224	205	175	154	144	170	214	257	264	328	424	533	652	845	1148	1416	1822	2274	2956	3586	4358	5086	5894	6715	7258	7872	8419	8474	8668	8309	8123	7455	6692	5781	5210	4400	3605	2892	2370	1786	1350	1030	752	575	380	285	203	166	111	72	59	56	45	52	41	38	44	40	47	40	37	40	43	42	44	47	57	38	53	56	48	48	48	51	57	39	48	59	50	48	45	41	56	52	38	48	41	45	53	32	43	41	50	50	49	46	39	44	44	42
0	0	0	0	0	0	0	0	0	0	0	71	71	81	87	45	60	65	52	66	53	86	76	81	90	117	127	149	222	232	269	364	438	558	635	833	976	1075	1296	1427	1561	1686	1662	1667	1566	1408	1297	1147	942	735	609	468	340	237	227	180	146	154	162	182	183	213	249	298	358	471	565	691	896	1077	1439	1726	2289	2713	3274	3924	4602	5346	6044	6607	7161	7630	8020	8041	7931	7879	7281	6820	6349	5650	4857	4212	3597	2986	2409	1906	1390	1155	858	619	478	367	259	180	137	109	79	69	45	52	53	52	37	46	35	38	36	36	35	34	43	36	38	39	49	43	49	44	51	44	46	37	55	42	43	42	45	47	44	55	44	50	43	36	33	35	38	41	44	48
0	0	0	0	0	0	0	0	0	0	0	72	74	69	76	69	70	51	51	50	52	66	59	72	74	91	89	93	108	143	176	213	241	315	402	483	613	709	786	984	1130	1258	1457	1500	1522	1553	1542	1459	1428	1245	1101	909	731	617	482	428	306	258	199	158	152	135	150	170	193	186	221	254	310	391	442	580	706	882	1031	1347	1654	2065	2574	3009	3568	4148	4814	5366	5980	6454	6922	7378	7439	7453	7475	7090	6876	6364	6013	5330	4591	4102	3570	3010	2523	1975	1620	1212	1016	767	575	444	339	248	201	137	99	90	52	47	48	48	31	37	30	36	32	31	36	40	40	45	33	31	35	35	39	40	33	38	26	40	47	53	43	39	29	47	51	50	45	43	47	41
0	0	0	0	0	0	0	0	0	0	0	65	66	55	72	63	68	60	57	56	53	45	68	73	70	61	65	88	81	113	120	147	153	174	229	325	383	424	539	658	749	890	978	1104	1259	1262	1449	1491	1492	1449	1381	1291	1171	1009	810	737	617	521	424	318	235	196	163	130	127	131	152	157	180	173	201	228	269	385	411	515	620	725	992	1126	1431	1791	1968	2556	2982	3416	3763	4478	4984	5437	6084	6382	6801	6859	7029	7144	6860	6634	6429	5984	5428	4951	4441	3819	3379	2907	2267	1999	1554	1275	1009	782	630	445	393	247	218	155	135	104	76	59	52	44	38	33	29	30	40	35	22	38	27	27	31	27	23	42	40	23	33	35	44	37	37	40	35	29	25	27
0	0	0	0	0	0	0	0	0	0	0	80	50	75	56	70	52	72	60	49	65	60	51	69	54	62	57	69	74	63	100	85	108	134	178	177	230	265	323	386	420	551	612	702	884	967	1101	1173	1276	1377	1416	1448	1376	1266	1280	1169	1047	884	761	640	547	439	411	269	255	189	162	154	149	116	123	151	161	155	183	210	244	317	313	377	437	583	685	815	976	1184	1480	1828	2010	2400	2816	3250	3779	4113	4694	5108	5556	5990	6247	6354	6425	6594	6665	6301	6184	5904	5505	4973	4485	4128	3654	3131	2711	2358	1980	1651	1311	1095	931	705	565	415	332	241	184	143	105	88	79	63	46	42	51	34	39	44	23	38	32	27	31	34	38	27	42	32	27	31	25	41